──────────────────────────────────────────────────────────────────────────────
Language          Files      Lines      Blank    Comment       Code          %
──────────────────────────────────────────────────────────────────────────────
TypeScript           19         51          2         18         31        9.9
Rip                   6         33          1          9         23        7.4
Shell                 8         25          0          5         20        6.4
MUMPS                 5         26          1          9         16        5.1
PHP                   3         20          0          6         14        4.5
Ruby                  6         21          0          7         14        4.5
Rust                 13         22          0          8         14        4.5
C++                   6         15          0          2         13        4.2
Go                    8         18          1          4         13        4.2
CoffeeScript          2         17          0          5         12        3.8
HTML                  2         14          0          4         10        3.2
Python                6         14          0          4         10        3.2
C#                    1         12          0          3          9        2.9
Vue                   1         12          0          3          9        2.9
Zig                   6         16          1          6          9        2.9
Markdown              5         13          5          0          8        2.6
TOML                  1          9          0          1          8        2.6
C                     2         12          1          4          7        2.2
Scala                 3          9          0          2          7        2.2
Svelte                1         10          0          3          7        2.2
Groovy                3          8          0          2          6        1.9
JavaScript            6         11          0          5          6        1.9
Java                  1          7          0          2          5        1.6
Kotlin                2          7          0          2          5        1.6
XML                   4          7          0          2          5        1.6
Dart                  1          6          0          2          4        1.3
JSON                  4         10          1          5          4        1.3
Objective-C           3          7          0          3          4        1.3
SQL                   1          7          0          3          4        1.3
Swift                 1          6          0          2          4        1.3
YAML                  2          5          0          1          4        1.3
CSS                   1          6          1          2          3        1.0
Sass                  1          4          0          2          2        0.6
Less                  1          3          0          2          1        0.3
SCSS                  1          3          0          2          1        0.3
──────────────────────────────────────────────────────────────────────────────
Total               136        466         14        140        312      100.0
──────────────────────────────────────────────────────────────────────────────

6 of 142 files skipped, 293 B of 7.2 KB of text (4.1%)
────────────────────────────────────────────────
Skipped              Files       Size          %
────────────────────────────────────────────────
.gitignore               2      204 B        2.8
.txt                     1       38 B        0.5
unknown-shebang          1       29 B        0.4
build                    1       16 B        0.2
.xyz                     1        6 B        0.1
────────────────────────────────────────────────
3 binary files, 40 B: .png 1, .zig 1, .dat 1
